1.99734 2500
2.23821 3501
2.15827 0100
1.6014 5201
1.77023 4300
1.94079 4100
2.01744 1300
2.15803 4301
1.6047 5400
1.74384 4510
1.75491 1500
1.91343 1100
1.89971 1301
1.66107 4000
2.05757 0301
2.05817 2401
1.55379 3200
1.90805 5100
1.4541 3201
2.15756 5501
2.0289 4401
1.57106 3100
1.35634 5111
1.70121 0400
2.19972 5310
2.09383 5200
1.70498 3500
1.83202 1101
1.94924 5300
2.27791 1401
2.3126 4410
1.58777 0000
2.00427 4200
1.57191 3301
1.56534 5011
1.36502 5511
1.88606 0501
1.929 1010
1.68044 5401
1.70877 2110
2.14807 0401
1.57027 0200
1.46551 5010
1.98804 1200
1.68386 2210
1.84124 1210
1.05109 4310
1.67137 1000
1.12317 5001
1.90729 2000
2.11176 4311
1.74678 2200
1.61465 4501
2.38353 3210
1.59832 0300
1.81274 0410
1.39452 4500
2.21094 5500
2.14401 5301
1.87891 3401
1.48722 3410
2.02672 4010
1.83759 0511
1.5877 2211
1.28394 5101
1.95878 5510
2.22862 3000
2.15674 3300
1.89918 2100
2.07183 5410
1.95685 2400
2.00663 4210
1.61585 4411
2.25352 4201
2.27468 1501
2.10363 3101
1.23726 0201
1.8425 3400
1.31776 0500
1.78451 1400
