0 0 0 
28 0 0 
27 0 0 
26 0 0 
25 0 0 
24 0 0 
22 0 0 
21 0 0 
20 0 0 
19 0 0 
18 0 0 
17 0 0 
16 0 0 
29 0 0 
30 0 0 
12 0 0 
8 0 0 
6 0 0 
5 0 0 
4 0 0 
2 0 0 
1 0 0 
14 0 0 
10 622 25720 
11 1164 43638 
7 2387 27935 
13 3143 51042 
23 6635 37340 
15 6660 42230 
9 8044 55696 
3 9129 22681 
1
1
1
1
2
2
2
2
2
2
2
1
2
2
0
0
2
2
2
2
2
2
2
2
0
0
0
0
0
0
0
0
0 0 0 
28 0 0 
27 0 0 
26 0 0 
25 0 0 
24 0 0 
22 0 0 
21 0 0 
20 0 0 
19 0 0 
18 0 0 
17 0 0 
16 0 0 
29 0 0 
30 0 0 
13 0 0 
12 0 0 
6 0 0 
5 0 0 
4 0 0 
3 0 0 
2 0 0 
1 0 0 
14 0 0 
9 594 18768 
23 1050 20259 
15 2293 57297 
7 4755 31154 
10 4840 33638 
8 7058 98756 
11 7237 77879 
2
2
2
2
2
2
2
2
1
2
2
1
0
0
0
0
1
1
1
1
1
1
1
1
0
0
0
0
0
0
0
0
0 0 0 
28 0 0 
27 0 0 
26 0 0 
25 0 0 
24 0 0 
22 0 0 
21 0 0 
20 0 0 
19 0 0 
18 0 0 
17 0 0 
16 0 0 
29 0 0 
30 0 0 
8 0 0 
6 0 0 
5 0 0 
4 0 0 
3 0 0 
2 0 0 
1 0 0 
10 363 23369 
12 427 24742 
23 911 32267 
13 1266 73728 
15 3319 26728 
9 5599 22426 
14 8141 77867 
7 8323 48491 
11 8604 37318 
2
2
2
2
2
2
2
2
2
2
1
2
2
0
1
0
2
2
2
2
2
2
2
2
0
0
0
0
0
0
0
0
0 0 0 
28 0 0 
26 0 0 
25 0 0 
24 0 0 
22 0 0 
21 0 0 
20 0 0 
19 0 0 
18 0 0 
17 0 0 
16 0 0 
29 0 0 
14 0 0 
30 0 0 
12 0 0 
8 0 0 
6 0 0 
5 0 0 
4 0 0 
3 0 0 
2 0 0 
1 0 0 
11 598 16350 
15 923 23740 
27 1194 52401 
23 1726 21652 
13 2818 84489 
9 5314 23537 
10 8017 98156 
7 8419 32335 
2
2
2
2
2
2
2
2
2
2
1
2
2
2
0
0
2
2
2
2
2
2
2
2
2
2
2
2
0
0
0
0
30 0 0 
22 0 0 
21 0 0 
20 0 0 
19 0 0 
18 0 0 
17 0 0 
16 0 0 
14 0 0 
13 0 0 
25 0 0 
12 0 0 
10 0 0 
28 0 0 
8 0 0 
6 0 0 
4 0 0 
2 0 0 
26 0 0 
24 0 0 
7 138 15599 
5 484 20507 
3 503 16351 
1 636 15689 
29 3176 78730 
0 3183 61573 
27 4083 21465 
23 4376 27138 
15 5218 57844 
11 7387 91866 
9 7799 22445 
2
1
2
2
0
0
2
2
1
1
2
2
0
0
0
0
2
2
2
2
2
2
2
2
2
2
2
2
1
1
0
0
