1.94591 2200
1.99862 5500
2.01336 3500
2.28411 3000
1.80739 3501
1.99046 2000
2.20509 1200
1.88092 0400
1.90488 2300
1.46313 4210
1.98811 5400
1.74216 3301
1.92175 4300
2.16881 3210
1.97732 1100
1.82059 2100
2.27639 4400
1.50187 4310
1.96073 5211
1.42461 3410
2.25885 4401
1.70872 4301
1.6013 1400
1.6623 4510
1.93045 4110
1.85491 5301
2.32504 0200
2.33122 4500
1.86936 4200
2.16532 0210
2.18552 3510
1.64981 4001
1.18503 5011
1.63101 0500
2.33481 3101
1.64506 5300
1.8617 5200
2.59279 5510
1.97753 4000
1.41147 0101
2.13054 0410
1.95227 0301
2.00245 0401
1.7772 5210
1.74283 5000
2.16023 3300
1.68916 4410
1.91127 2201
1.97313 5501
2.39146 5201
1.24704 5511
1.63571 3400
1.94081 4100
2.31526 5401
1.45075 5100
1.40192 1110
1.55239 5311
2.02317 3200
2.11019 3100
1.25255 3511
1.4108 5410
1.66944 2500
1.81221 0310
1.74027 3201
2.15847 4201
1.4729 4101
1.66231 1000
2.26375 2101
1.78563 1501
1.46717 1300
1.81616 5101
1.78125 1210
1.80141 4501
2.26378 2010
2.31988 0100
1.89575 0501
2.0746 2400
1.55925 2310
2.02094 0201
1.5635 1511
1.3101 0511
1.32934 3001
2.20012 2210
2.20341 2501
1.66374 5310
1.62354 2401
1.30669 0510
2.12228 1411
1.49598 3401
1.73295 1201
2.20233 1510
1.72254 3010
1.80361 1301
2.16916 1500
2.25682 0000
1.70837 2001
1.87291 3110
1.98917 5111
1.53151 4511
1.51593 4010
