5.12799 5310
4.83913 3972
8.90479 6400
9.66757 6a10
7.8058 7a01
7.58544 6867
10.4685 6210
10.5671 8300
9.44835 8700
8.85996 6701
9.82635 a845
14.8759 9800
15.7621 1901
19.1634 9a01
13.3467 3443
13.7087 9860
12.5181 9810
14.0997 7a75
5.62296 7900
13.7349 2552
9.59417 9957
9.66299 8903
14.3933 7310
10.6026 6441
8.43876 9a10
15.281 0200
15.2366 9900
16.8236 1a53
9.19501 2900
13.9079 7611
14.4478 2687
12.4943 9a12
13.6034 a510
12.0272 2710
11.0226 8610
14.8438 2200
12.014 677a
13.3255 2896
17.5535 a301
13.6734 8502
13.5516 3601
14.8691 8910
5.549 25a3
13.5887 8900
18.3126 8a92
4.07019 5466
20.6972 8911
19.5513 7601
12.4146 4641
19.9591 6201
